195891
171479.55
165000
331660.01
235000
760857
147900
321630.85
360000
248817.68
250000
333480.96
463802
355350
206600
380565
96446.55
200500
165000
165000
220000
85200
265000
247200
220000
165000
220000
293637.6
246227
220000
160000
110000
220000
128647
165000
328873
207999.88
318810.88
287680.03
525000
165000
165000
220000
233659.37
267800
220000
220000
332177.06
125000
220000
275680
201754
224989
165000
120000
240000
165000
343769
173996
89241
238765
159000
96132
200778
265999.51
86870
331994
131153
95000
362540
195000
312800
618000
220000
220000
220000
220000
220099
114680
220000
165000
77250
265750
220000
220000
220000
168967
165000
497132
246111
110000
221292
220000
539646
177600
220000
120994
239977
368466.09
220000
